4185
2467
4186
4203
528
2484
1725
2395
1692
705
1972
2478
704
1391
2681
2093
996
688
692
1394
1348
1263
4339
1283
825
1584
1393
824
1726
2012
2011
707
712
2374
1586
3648
2715
994
1583
1563
2412
1385
732
1928
1021
3888
827
1397
3203
681
1910
3833
672
1624
747
706
1691
2800
699
1194
2008
2535
711
1656
1392
4123
2711
2413
1469
1005
1399
3924
331
1978
3509
2693
664
4201
329
3837
1908
1383
1396
2398
387
696
915
3738
381
1395
3142
1587
2602
26
4321
2513
337
4221
2560
333
2481
4247
1693
925
2888
2015
701
1538
1749
2375
1211
708
703
2599
2900
198
2605
514
668
2606
2899
4179
232
2095
872
2114
2593
1895
2928
3003
1210
2201
1004
1845
330
2370
3109
2716
2266
19
1630
2477
4331
2714
1644
713
2014
3906
2017
2070
923
924
2009
1386
4220
2019
1381
709
1373
2049
1750
335
1398
2456
768
2789
2393
3834
698
2408
1233
385
767
697
1605
765
284
1264
728
1266
1730
2607
1588
2814
1154
522
1751
1528
2836
2004
4287
2904
2346
1207
2273
779
563
4018
566
702
2589
1114
257
826
1827
1566
382
2577
2590
339
946
1401
2066
655
2120
1913
4175
2119
